x	AcX	AcY	AcZ
0.00	-14516	17348	18772
1.00	-32768	-8612	9228
2.00	11576	17968	10500
3.00	-32096	-19240	-7600
4.00	7272	21400	17544
5.00	-9692	-19628	-6092
6.00	-32768	-11228	4988
7.00	6896	23424	10812
8.00	-29904	-21992	-8876
9.00	-10344	14556	17344
10.00	-7616	-12452	-5060
11.00	-32768	-15376	4912
12.00	5992	24952	8740
13.00	-1580	-20176	-5616
14.00	-32768	-16120	5072
15.00	3716	22264	12708
16.00	-32768	-19252	-9368
17.00	-8284	14992	18228
18.00	2172	-11492	-3876
19.00	-32768	-17228	2640
20.00	5848	24388	11620
21.00	-32768	-21540	80
22.00	4056	27560	17676
23.00	-20440	-23048	-8372
24.00	-22380	10604	18400
25.00	6200	1468	-1768
26.00	-32768	-22680	-1228
27.00	3552	19428	18540
28.00	-31724	-24292	-7860
29.00	-29388	8336	17472
30.00	4272	2784	1888
31.00	-32768	-27132	-1080
32.00	5056	19388	18436
0.00	11728	15724	5024
1.00	-32768	-25460	-7296
2.00	-32768	4424	14216
3.00	10644	14484	2932
4.00	-32768	-28128	-5260
5.00	-512	22856	19792
6.00	-21088	-23340	-7420
7.00	-32768	2036	12952
8.00	8728	14952	6160
9.00	-32768	-6008	10996
10.00	15808	23244	13020
11.00	-31668	-23132	-7348
12.00	-7992	14596	17280
13.00	-14696	-20392	-5240
14.00	-32768	-24484	4536
15.00	6016	22480	11024
16.00	-31824	-16068	-8108
17.00	12100	24196	18236
18.00	-10996	-22476	-3012
19.00	-30988	172	10572
20.00	7588	24320	4072
21.00	-32768	-13472	-11024
22.00	-5800	15568	15068
23.00	-6488	7696	-8292
24.00	-32768	-27648	-9596
25.00	2772	17304	14480
26.00	-26600	-22400	-4264
27.00	-32768	8592	13948
28.00	7984	22164	6324
29.00	-1772	10468	-4452
30.00	-9816	19668	11684
31.00	-32768	-22260	-7536
32.00	-7632	22424	21008
33.00	1504	15620	-368
34.00	-32768	-13568	11380
35.00	6292	5624	-1144
36.00	-26148	-21052	-11916
37.00	-32768	-8776	5008
38.00	-18060	-5384	-7272
39.00	-32768	-11100	-2296
40.00	-3320	26504	5088
41.00	-29528	-14288	-10408
42.00	-280	30476	20132
43.00	-708	2420	-104
44.00	-32768	-13408	-9404
45.00	7228	31064	16164
46.00	-26164	-32768	-860
47.00	-32768	276	8504
48.00	-2700	18820	11720
49.00	-32768	-16480	-11524
50.00	-7948	22976	5640
51.00	-21200	-15812	-13160
52.00	-21812	14584	18312
53.00	-10288	19764	5424
54.00	-32768	-7124	1284
55.00	2716	12124	19168
56.00	-10424	-24348	-6944
57.00	-32768	32767	14700
58.00	-3792	1536	-2536
59.00	-32768	-20684	8352
60.00	-8008	14924	23900
61.00	-688	-31048	-2444
62.00	-3964	27100	12268
63.00	24624	18000	1220
64.00	-32736	-23076	-22688
65.00	-25676	20696	3868
66.00	-16704	-21676	-11804
67.00	-32768	7708	14140
68.00	9444	9952	32767
69.00	-32768	-15788	-16224
70.00	20336	19412	21316
71.00	-6656	-12904	-8548
72.00	-19492	12356	6272
73.00	-8864	22792	728
74.00	-32768	-19720	-5620
75.00	-204	18056	20352
76.00	-12808	-24084	-3632
77.00	-21252	7008	17552
78.00	4100	26100	11788
79.00	-32768	-17036	-8956
80.00	288	13904	18452
81.00	-7040	-13924	-8108
82.00	-29756	-13232	8544
83.00	2108	22508	8628
84.00	-32768	-4456	-12452
85.00	-6304	19760	18444
86.00	-19532	-18476	-17808
87.00	-32768	-19616	-13376
88.00	-5232	16720	-7848
89.00	-32768	15888	10860
90.00	6064	16056	23820
91.00	-23220	-32768	-2804
92.00	2524	32767	31208
93.00	-1944	-21208	8588
94.00	-32768	-1644	16820
95.00	14700	19904	18152
96.00	-23308	-16520	-10576
97.00	956	18820	7552
98.00	-20792	-14352	-13280
99.00	-30160	-21548	2988
100.00	3084	24236	7092
101.00	-24996	-25908	-11032
102.00	-26100	1880	21280
103.00	-6348	-18228	-16000
104.00	-32768	-13060	-6564
105.00	5668	32767	31588
106.00	-32768	-24108	-1760
107.00	-32768	-6576	4584
108.00	14360	17076	13868
109.00	-32768	24340	2824
110.00	-12268	10712	7096
111.00	-32768	-9104	-12416
112.00	-30340	20228	20668
113.00	-23724	-18672	-3404
114.00	-32768	-7920	-12568
115.00	-3152	13036	9800
116.00	-32768	-14860	-8968
117.00	-19396	31816	30160
118.00	-3636	-12932	-2852
119.00	-32768	-16084	8500
120.00	-25276	-23884	-5244
121.00	8136	15400	20068
122.00	-27336	32767	15428
123.00	-30044	-19040	4768
124.00	-32768	-21148	9084
125.00	17316	32767	10060
126.00	-19696	-18160	-10616
127.00	4856	17424	27868
128.00	480	19520	7844
129.00	-32768	-23596	11132
130.00	10400	20364	23640
131.00	-32768	-20608	-12120
132.00	-11312	21940	9000
133.00	-17080	-9692	4348
134.00	-32768	-32768	-7184
135.00	-15848	11376	18220
136.00	-32768	-7996	-16628
137.00	-20472	13052	-5504
138.00	20252	2284	5792
139.00	-32768	-26552	-1960
140.00	-1568	24920	8724
141.00	-32768	17644	10640
142.00	-29464	12316	24092
143.00	-8076	22696	8160
144.00	-32768	-32768	-708
145.00	19036	24492	18180
146.00	24024	-32768	18960
147.00	-10056	30732	17980
148.00	-24204	27588	17296
149.00	-32768	-25716	8232
150.00	8972	32767	8052
151.00	-16692	-9124	-364
152.00	-30168	7056	12372
153.00	-15052	15712	1224
154.00	-4184	18004	14428
155.00	-20720	32767	27812
156.00	7368	-32768	3172
157.00	-20372	-21780	-2172
158.00	3216	26140	4352
159.00	-32768	-32768	-18900
160.00	-32768	-15520	180
161.00	-16372	-24644	-12980
162.00	-32768	2740	-2492
163.00	-7784	22092	7108
164.00	-32768	-10340	-10112
165.00	-11876	28752	18612
166.00	-21976	-32768	-13220
167.00	-32548	32767	12732
168.00	-3612	-14408	6692
169.00	-8840	26268	13720
170.00	-32264	5256	14076
171.00	-2788	26344	15640
172.00	-18996	-31752	10344
173.00	32592	32767	10948
174.00	-24360	-22144	-12612
175.00	-14416	15576	1840
176.00	-508	17564	-7312
177.00	-32768	-15540	160
178.00	-32768	32767	11712
179.00	-8724	32767	2336
180.00	-32768	29768	19068
181.00	13564	8864	19016
182.00	-32768	-32768	-9424
183.00	3228	21060	20688
184.00	-7864	7612	24212
185.00	0	0	0
186.00	9980	12092	-12416
187.00	-18728	-25472	4264
188.00	-16256	32767	-560
189.00	11588	16392	13888
190.00	32767	-32768	22512
191.00	-26044	26152	18240
192.00	-4932	18088	26456
193.00	2164	-32768	16868
194.00	5192	20996	24224
195.00	-356	32767	15432
196.00	-32768	-14752	6736
197.00	-18308	-18824	-6728
198.00	-32768	-18596	1448
199.00	6668	23704	11912
200.00	-600	-13692	-13780
201.00	-10644	11320	15536
202.00	-19192	32767	18020
203.00	-32768	-2224	-14612
204.00	-17644	14612	31856
205.00	32767	8032	28528
206.00	-1136	1452	11824
207.00	32767	21292	6268
208.00	-11128	-26944	-6540
209.00	-20752	21668	15664
210.00	-32768	-7008	-24416
211.00	-32768	10764	-588
212.00	-32768	-18236	19568
213.00	-14472	32767	18496
214.00	-19348	-32768	-8208
215.00	-29076	32767	12740
216.00	-7120	-13724	-11264
217.00	-32768	-32768	-6032
218.00	-4136	32767	18120
219.00	-11892	-32768	-1024
220.00	1036	21940	7228
221.00	32767	16580	5208
222.00	-32768	-24804	6376
223.00	-17936	14320	30832
224.00	7744	-32640	2520
225.00	-4024	25020	19372
226.00	-5448	-11176	11804
227.00	-32768	13728	9672
228.00	8056	29516	17608
229.00	-32768	-32768	-10900
230.00	-28772	18748	31868
231.00	-7008	-25164	22436
232.00	-32768	32036	5776
233.00	-32768	-26044	168
234.00	-32768	-26144	-3368
235.00	-30096	32767	5504
236.00	30088	5884	32767
237.00	-23204	-21088	15964
238.00	27120	31360	30752
239.00	18908	-640	-14216
240.00	-32768	-8936	8756
241.00	-9264	21856	6200
242.00	-32768	-8560	-5420
243.00	-5208	32244	12584
244.00	14680	-32768	7360
245.00	-18420	4932	11504
246.00	-29048	11284	7336
247.00	-27892	-15892	828
248.00	-372	20732	32480
249.00	-24940	-32768	1092
250.00	-25084	4840	12644
251.00	16032	25472	30824
252.00	-7828	-29940	-10720
253.00	17756	16944	13984
254.00	-5040	22412	7692
255.00	-32768	-24560	-6792
256.00	1684	22520	30160
257.00	-9268	-32768	1760
258.00	-32768	-9476	6420
259.00	32767	6484	26188
260.00	-20876	-13048	-9440
261.00	-21872	32767	9668
262.00	-11496	-23772	1072
263.00	-32768	-18492	-18328
264.00	32767	-30204	10400
265.00	-32768	-32768	-10828
266.00	4672	28664	18384
267.00	-12164	-32768	4636
268.00	-18664	30248	10004
269.00	32767	16476	3332
270.00	-32768	-32768	152
271.00	-24584	18016	8688
272.00	-32192	-24080	-32640
273.00	-32768	-1744	-13380
274.00	-32768	32767	-1008
275.00	32767	-32768	4388
276.00	-32768	3236	12112
277.00	-9564	-2688	-21700
278.00	-3196	-24624	-3964
279.00	-12280	-18156	23612
280.00	-15420	-32768	4120
281.00	-28144	-4856	18668
282.00	6660	28840	18472
283.00	-32768	-32768	-25992
284.00	-15168	11288	24120
285.00	-23996	-31156	-1348
286.00	-18056	18040	27728
287.00	1952	17292	-13880
288.00	-32768	-13044	-11504
289.00	-12768	20392	18820
290.00	-32768	-20328	4324
291.00	-20180	15612	-1584
292.00	25224	2188	1680
293.00	-15268	-32768	-80
294.00	-32768	32767	31200
295.00	-15944	24036	12064
296.00	-32768	-9472	17076
297.00	-16600	26276	24484
298.00	-32464	-26148	-184
299.00	-32768	12964	15908
300.00	-15080	23592	27260
301.00	-10456	-32768	-440
302.00	-11416	32767	18452
303.00	-32768	-32768	7736
304.00	-21896	-440	32767
305.00	3748	-10452	4704
306.00	-32768	-32100	1456
307.00	-9300	32767	14572
308.00	-27820	-32768	-17196
309.00	-32768	30084	13560
310.00	32767	1076	24136
311.00	-32768	-19908	-12312
312.00	-15116	31548	16444
313.00	-13276	-13492	4772
314.00	-28004	-11440	13956
315.00	23864	-1032	11236
316.00	-32768	-196	-12612
317.00	-32768	-1096	-11680
318.00	-13320	20912	1036
319.00	-32768	-26092	-19948
320.00	-15436	17960	17632
321.00	-28736	-13736	-10484
322.00	-32768	12748	10716
323.00	32767	-31516	29092
324.00	-32768	-25208	-8520
325.00	-4388	7088	14272
326.00	-22868	-28308	-9172
327.00	-21012	4196	12360
328.00	-32768	-32768	10056
329.00	-32768	-27924	-12116
330.00	-12836	32767	-1
0.00	-32768	-30180	-6812
1.00	-32768	-23340	-7496
2.00	-18016	15716	16436
3.00	24448	7528	-80
4.00	-32768	-25436	-3556
5.00	-5732	19924	19676
6.00	-26388	-19032	-6024
7.00	-32768	-5568	9228
8.00	20112	21868	6652
9.00	-32768	-27740	-6520
10.00	4936	22168	17748
11.00	-16768	-18592	-6420
12.00	-32768	3372	11744
13.00	15228	18896	11376
14.00	-32768	-26532	-5180
15.00	5356	24320	19916
16.00	-22856	-25648	-9632
17.00	-32768	-3972	9600
18.00	9520	21992	9820
19.00	-32768	-23280	-4396
20.00	2500	21312	19348
21.00	-32768	-24188	-5720
22.00	-2204	20288	19232
23.00	-5640	-18692	-4472
24.00	-32768	-13500	6176
25.00	11120	19924	10800
26.00	-31020	-21284	-7996
27.00	-15988	13948	16692
28.00	26460	13976	740
29.00	-32768	-27632	-1820
30.00	-1416	22704	18868
31.00	-32768	-17832	-10196
32.00	-21844	10212	15124
33.00	27104	4040	804
34.00	-32768	-29104	-3704
35.00	732	25200	17296
36.00	-32768	-21968	-7172
37.00	-22152	15136	15564
38.00	25708	12068	816
39.00	-32768	-24140	-4268
40.00	5572	27172	16392
41.00	-32768	-24456	-5804
42.00	6720	25096	16772
43.00	-29288	-29068	-7548
44.00	-30952	10764	15028
45.00	20088	18504	5992
0.00	-14244	-14836	-3916
1.00	-32768	-23132	-5528
2.00	8248	25920	18032
3.00	-30468	-29932	-7040
4.00	-28916	11076	14544
5.00	21596	19440	2968
6.00	-32768	-26332	-1284
7.00	8876	25256	18612
8.00	-21368	-22928	-8960
9.00	-30004	6868	14052
10.00	15220	22656	5444
11.00	-32768	-24920	-3412
12.00	8640	21460	19008
13.00	-27148	-22224	-8284
14.00	-31104	92	11440
15.00	21328	14328	2476
16.00	-32768	-32768	-8608
17.00	-19760	16564	14416
18.00	11260	-7444	-2356
19.00	-32768	-28220	608
20.00	-1784	26852	15376
21.00	-7136	-6244	-3440
22.00	-26548	-1864	13544
23.00	14972	21664	12880
24.00	-32768	-27736	-5108
25.00	-4804	23616	19464
26.00	-20588	-15072	-7824
27.00	-32488	-6468	6360
28.00	30444	19728	7448
29.00	-32768	-31308	-9992
30.00	-484	23024	19320
31.00	-15936	-15280	-6772
32.00	-32768	10864	10376
33.00	23032	22000	7532
34.00	-32768	-3256	-4360
35.00	-3876	16796	17616
36.00	-25944	-22068	-10592
37.00	16180	9664	27832
38.00	7000	-14400	-1256
39.00	-32768	-27328	-596
40.00	23744	24672	11288
41.00	-32768	-4456	-15456
42.00	-32768	21108	9800
43.00	11120	22824	492
44.00	-32768	-32768	536
45.00	-1348	24580	22056
46.00	-31504	-23700	-28152
47.00	-24856	17584	-128
48.00	-12592	8584	-12560
49.00	-32768	-23752	-9224
50.00	-14032	32767	19072
51.00	-32768	-11328	1328
52.00	-17532	4912	12060
53.00	30568	22196	15064
54.00	-32768	-14340	-4460
55.00	-20800	32767	29624
56.00	-32768	-10132	-3612
57.00	-8096	32767	20612
58.00	-12136	-26804	4256
59.00	-30328	-16492	9572
60.00	17756	28056	4636
61.00	-32768	-15020	-14800
62.00	-5304	24712	21532
63.00	3092	21624	-10484
64.00	-32768	-2600	-9656
65.00	-9152	25308	22480
66.00	-12028	-24420	-3600
67.00	-28804	21088	14376
68.00	11820	9560	5040
69.00	-32768	-5444	-6144
70.00	-3856	28084	15388
71.00	-28980	-3032	-5320
72.00	-32768	-10084	10620
73.00	23388	23668	21956
74.00	-32768	-15728	-4660
75.00	11800	12876	7580
76.00	-32768	-12416	-12972
77.00	-9660	14048	10228
78.00	13004	-24528	12692
79.00	-32768	16436	16700
80.00	8048	31744	26516
81.00	-15640	-28872	10872
82.00	-21568	6468	21880
83.00	3408	-9140	-1092
84.00	-32768	-32768	-76
85.00	-7928	32767	7160
86.00	-32768	-7604	-5292
87.00	-31444	3880	7004
88.00	32767	-2976	30808
89.00	-32768	-32768	-7432
90.00	9180	32348	19828
91.00	-19036	1144	-12580
92.00	-32768	-1068	1144
93.00	29032	15968	12308
94.00	-32768	10072	-5688
95.00	1452	19432	26104
96.00	-15308	-26104	-452
97.00	5364	21692	16588
98.00	18464	10600	-192
99.00	-32768	-12956	-900
100.00	-19644	32767	1708
101.00	-22260	-32768	-14272
102.00	-30612	12880	24540
103.00	32767	-10016	26776
104.00	-32768	-25748	-5796
105.00	-9832	28936	32767
106.00	16224	3384	17036
107.00	-31636	-30636	1536
108.00	-17296	30088	23100
109.00	-32768	-19952	-2540
110.00	32224	-2988	32767
111.00	22356	14164	636
112.00	-32768	-16588	-15560
113.00	-17208	32767	4788
114.00	-32768	-25136	-23960
115.00	736	5696	10652
116.00	2716	-16004	1916
117.00	-32768	-14664	8868
118.00	536	32767	13988
119.00	-32768	-20896	-19708
120.00	-5736	32767	-332
121.00	-29844	-16076	3204
122.00	-32768	9024	496
123.00	3508	-2184	14164
124.00	-29300	-22368	-8980
125.00	-32768	-12788	8732
126.00	8600	9768	22132
127.00	-32768	15776	3796
128.00	7020	28212	26660
129.00	-23372	-32768	-15428
130.00	-32768	-16528	-3212
131.00	-6028	14112	23260
132.00	-32768	25572	-14240
133.00	-20364	32767	32767
134.00	10420	-30708	22392
135.00	1596	32767	18848
136.00	1412	13756	-6872
137.00	-32768	-25952	-5804
138.00	4852	21324	14784
139.00	-28092	32767	18744
140.00	-29400	4792	13724
141.00	32767	19176	-7428
142.00	-4492	-32624	-2624
143.00	-25708	12080	25080
144.00	-32768	-32768	8516
145.00	-9508	-1752	3176
146.00	12640	25964	5292
147.00	-21348	-23012	-22952
148.00	-32768	-11356	6256
149.00	32767	5760	32767
150.00	-32768	-29444	6172
151.00	-4660	20500	29516
152.00	1580	260	4268
153.00	-27468	28952	14888
154.00	4416	10600	236
155.00	-32768	-26588	-13420
156.00	10500	32767	7060
157.00	-19040	-31540	-13068
158.00	-23928	7300	5164
159.00	-15540	8940	8636
160.00	-32768	2508	12452
161.00	18680	1900	31052
162.00	2872	-12224	-6136
163.00	-28860	6792	8220
164.00	1856	26664	7308
165.00	-25140	-32768	-12648
166.00	6308	28836	26836
167.00	25716	12956	-356
168.00	-32768	-32768	2968
169.00	-16576	32660	28616
170.00	-32768	-21268	5420
171.00	-32768	12792	12656
172.00	10800	32767	3148
173.00	-32768	-19652	320
174.00	17816	25224	19572
175.00	-32768	-32768	-13672
176.00	-15956	-9860	-596
177.00	14384	22312	-2504
178.00	-32768	17780	-8668
179.00	1408	28760	-4144
180.00	-25184	-32768	-27804
181.00	17884	8220	16732
182.00	-24460	10272	-1712
183.00	-32768	-32768	-8980
184.00	-3868	14812	29268
185.00	32767	-32768	32767
186.00	-32768	11940	13292
187.00	1092	29908	7812
188.00	1600	-32768	17212
189.00	-32768	-15596	20668
190.00	32767	-1680	12660
191.00	-32768	-14400	-23492
192.00	-20480	18396	21512
193.00	-32768	-32768	-4636
194.00	-32768	25656	22800
195.00	32767	-13960	20796
196.00	-32768	-7548	4148
197.00	32767	-15660	32767
198.00	-29016	-32768	-10892
199.00	-27432	396	-7496
200.00	6800	14416	3184
201.00	-32768	-21328	4000
202.00	-13700	11732	13500
203.00	-32768	-30708	1560
204.00	-16880	3948	-868
205.00	-32768	-6416	12088
206.00	-32768	-32768	-22704
207.00	-32768	32767	6192
208.00	32767	356	-2736
209.00	-32768	-10912	-13792
210.00	-12408	21464	26084
211.00	-30916	-32768	1636
212.00	-7288	32767	20040
213.00	-17696	-3372	-11188
214.00	-32768	-16304	4828
215.00	-21108	24540	32767
216.00	-27748	-21912	1652
217.00	26644	20368	17160
218.00	-5696	32767	8328
219.00	-32768	-15860	1896
220.00	-1160	32767	-15440
221.00	-32768	-32768	-8432
222.00	-32768	4432	9488
223.00	32767	-17456	26596
224.00	-32768	-29304	2576
225.00	9236	21220	12832
226.00	-32768	-32768	728
227.00	-29904	-32768	-10056
228.00	31052	10108	28972
229.00	-32768	-16980	-1116
230.00	-32768	-11500	13440
231.00	5404	-11436	-640
232.00	-32768	-1212	-1032
233.00	32767	19608	27936
234.00	-10864	1200	-8660
235.00	-17820	32767	14280
236.00	22428	20872	-13600
237.00	-32768	-6700	-19844
238.00	-2416	32767	-13000
239.00	-32768	-22976	-5832
240.00	-32768	13332	-1456
241.00	-36	26288	5760
242.00	-32768	-32768	-68
243.00	26588	32767	15044
244.00	-32768	-924	-8300
245.00	-25648	2412	10332
246.00	6960	11512	-112
247.00	-32768	-31220	-15712
248.00	-11920	32767	32767
249.00	7284	-23588	4260
250.00	-19772	-12820	-4580
251.00	5180	13320	236
252.00	-32768	19672	11380
253.00	-28364	-728	15080
254.00	-12068	32767	27524
255.00	-32768	27856	5036
256.00	11684	32767	14520
257.00	-32768	-236	-26572
258.00	-25356	14560	4488
259.00	1552	-3004	-8272
260.00	-32768	1452	-2252
261.00	11476	22092	31260
262.00	-2500	-13620	2572
263.00	-31404	-18092	-6968
264.00	32767	8020	17292
265.00	7828	32767	11052
266.00	-32768	-23716	3948
267.00	-2576	-22172	-2784
268.00	-6328	20364	-6796
269.00	21664	6844	26964
270.00	12936	-5556	-4076
271.00	-32768	32767	16140
272.00	8796	2968	812
273.00	-32768	-32768	244
274.00	-3904	17396	9568
275.00	-24796	-10732	-29012
276.00	-32768	13040	-9904
277.00	-25244	11792	20908
278.00	-32768	-23332	-5360
279.00	-16884	14824	23472
280.00	-32768	-5952	-17240
281.00	-32768	-796	7896
282.00	-18476	32767	32767
283.00	-16356	-32036	-14548
284.00	-24700	26208	23412
285.00	8728	-4032	4484
286.00	-32768	7480	-3012
287.00	14440	16176	2692
288.00	-3648	-32768	-17096
289.00	-13020	24996	-308
290.00	7164	-32768	27308
291.00	-32768	-14176	-10548
292.00	32767	13216	29420
293.00	-19716	-32768	10908
294.00	-10924	24228	15496
295.00	1628	14712	10820
296.00	8788	32767	9608
297.00	2520	32767	14672
298.00	-31536	-15272	-2548
299.00	-32768	18360	17688
300.00	-30624	-12632	-7000
301.00	-32768	-11764	-8932
302.00	-18772	7432	-10124
303.00	8644	-18772	104
304.00	-14856	-32768	1152
305.00	3676	32767	14824
306.00	-32768	840	-10724
307.00	-32768	5360	6716
308.00	-6420	21172	5368
309.00	-32768	-21428	12344
310.00	9312	24676	22896
311.00	-24668	-23288	-17144
312.00	-32768	-10160	-5728
313.00	16280	16384	20344
314.00	-13716	11508	29180
315.00	32767	8568	-3176
316.00	-32768	-25004	-8468
317.00	-11276	27344	19024
318.00	-26196	-24040	-8252
319.00	-30428	2172	17864
320.00	20396	20988	15424
321.00	-32768	-22168	-10136
322.00	-5868	32767	20388
323.00	-5612	-11740	-4128
324.00	-32768	-17168	-1116
325.00	13960	24552	10628
326.00	-30384	-25100	-11304
327.00	-10828	18048	14180
328.00	-27144	-28436	-3868
329.00	-19104	13168	17076
330.00	25748	16920	6812
331.00	-32768	-27120	-648
332.00	-6604	22716	22004
333.00	13756	-9528	592
334.00	-32768	-25032	-996
335.00	3992	23612	16060
336.00	-32768	-22580	-8908
337.00	-16264	15952	15768
338.00	22252	6328	-872
339.00	-32768	-19624	2060
340.00	4068	25976	16396
341.00	-32768	-24824	-10292
342.00	-26404	15884	17544
343.00	7604	1908	-3232
344.00	-32768	-26376	-1040
345.00	6628	23800	18348
346.00	-32768	-23632	-9040
347.00	-30448	10900	13852
348.00	12284	19456	13556
349.00	-32768	-20164	-8868
350.00	-152	22904	18552
351.00	888	-12660	-1176
352.00	-32768	-23160	1624
353.00	6028	22524	18608
354.00	-12308	-19732	-7140
355.00	-32768	5896	13452
356.00	26164	23024	7540
357.00	-32768	-25912	1860
358.00	776	23152	22368
359.00	5144	-1172	-4420
360.00	-23444	-4112	5756
361.00	17888	17720	7852
362.00	-32768	-28520	-13872
363.00	-24508	32767	22648
364.00	-10748	-16880	5684
365.00	-22676	-12204	14936
366.00	26884	16092	2204
367.00	-32768	-23264	-312
368.00	3816	23392	16612
369.00	-32768	-20040	-6128
370.00	-16624	15548	20936
371.00	10808	10052	7372
372.00	-32768	-32768	-456
373.00	14664	27020	14352
374.00	-10908	-22524	-9340
375.00	-32768	-20276	8388
376.00	-4448	13648	14380
377.00	-32768	-23860	-3084
378.00	3220	12104	20144
379.00	26636	10808	-3728
380.00	-32768	-32768	3540
381.00	-4572	20892	15628
382.00	-32768	-32768	-6224
383.00	-32768	-10408	9916
384.00	-21592	-28860	-5416
385.00	-32768	-24624	-3424
386.00	13932	17400	13528
387.00	-32768	-32768	-540
388.00	9296	28256	17712
389.00	-18084	-30920	-12816
390.00	-32768	5812	6632
391.00	21616	21004	6516
392.00	-32768	-23648	-5988
393.00	1848	24520	18048
394.00	-7904	-12212	-1824
395.00	-32768	-29220	-536
396.00	8624	23392	21908
397.00	-29480	-20156	-7588
398.00	-18628	12448	16068
399.00	27744	15516	2424
400.00	-32768	-29768	364
401.00	1368	26180	19368
402.00	-32768	-22896	-7452
403.00	-22756	9632	13376
404.00	32344	8432	-1572
405.00	-32768	-26744	-4712
406.00	21192	18360	10580
407.00	-32768	-26796	-4892
408.00	-4724	25600	19580
409.00	-18812	-21828	-8244
410.00	-28804	-8776	8956
411.00	32767	19796	7328
412.00	-32768	-22020	-10900
413.00	976	23816	29136
414.00	-5100	-16596	3020
415.00	-26324	14708	15412
416.00	18360	27664	17544
417.00	-32768	-11008	-11896
418.00	-25428	28684	13936
419.00	5592	-3564	2624
420.00	-32768	-32768	8484
421.00	3784	29184	20352
422.00	4740	-32768	284
423.00	-32768	-14616	12484
424.00	32767	23180	-1036
425.00	-23332	-28052	5276
426.00	1364	31024	10732
427.00	-32768	-31060	-15712
428.00	12272	6152	6428
429.00	5920	32767	3516
430.00	-32768	-32568	-2448
431.00	-20116	19548	29732
432.00	14548	-18984	7076
433.00	-32768	24680	1648
434.00	10460	18212	18548
435.00	-16572	-14808	-14044
436.00	-32768	-25548	8084
437.00	-11196	32767	30904
438.00	-32768	-32768	-15056
439.00	-32768	-5116	14564
440.00	12200	23588	27432
441.00	-32768	-30844	3876
442.00	-2636	12540	19376
443.00	23480	4136	-13116
444.00	-11104	-900	21776
445.00	15328	21468	-4564
446.00	-32768	1324	-11196
447.00	-23924	-16884	9356
448.00	32767	-6992	-7056
449.00	-32768	-19328	-11548
450.00	-32768	32767	1040
451.00	1088	19648	2424
452.00	-11748	28668	3536
453.00	10724	28220	21568
454.00	13308	3780	13432
455.00	-32768	-29204	-268
456.00	-13708	17232	22392
457.00	20872	4388	-10304
458.00	-32768	-20424	-14692
459.00	-14500	8944	10340
460.00	30520	-32768	100
461.00	-32768	-18080	-14520
462.00	-14432	31132	16588
463.00	-32768	-1140	-2100
464.00	-29084	-21156	-9968
465.00	-17672	544	8576
466.00	6692	17460	1540
467.00	-32768	-4428	-10324
468.00	-32768	30156	32767
469.00	27216	-10104	25212
470.00	-32768	-32768	-14704
471.00	-21536	27968	31864
472.00	-30616	32767	2460
473.00	-32768	-9568	7048
474.00	21208	356	29476
475.00	21000	3776	12720
476.00	-28512	-9288	-4908
477.00	-25772	32767	14720
478.00	4352	32767	10836
479.00	-14908	-14852	-8908
480.00	-32768	-1388	-1372
481.00	-5320	32767	-1980
482.00	-29976	-16564	-24184
483.00	-32768	14320	23052
484.00	9028	13492	2204
485.00	-32768	-32768	-10976
486.00	-20664	28732	21272
487.00	32767	10056	6796
488.00	-22016	-27716	-5432
489.00	-17292	32767	14372
490.00	31700	11284	-3600
491.00	-32768	-12400	-13168
492.00	-9792	16816	20272
493.00	15404	772	2160
494.00	-32768	-23864	-2932
495.00	-2788	29692	18928
496.00	-28464	-20656	-9352
497.00	-32768	-12892	3712
498.00	17012	20064	14236
499.00	-20932	-21504	-5284
500.00	-32768	-12720	4860
0.00	9224	29832	19520
1.00	-15400	18064	16004
2.00	2196	-4088	-3220
3.00	-32768	-9536	5964
4.00	10676	25544	11588
5.00	-32768	-29892	-6568
6.00	4728	22964	19008
7.00	-26348	-22904	-6896
8.00	-32768	-5456	7892
9.00	32200	17848	4204
10.00	-32768	-29028	-3152
11.00	-304	27212	18772
12.00	-32768	-18740	-8580
13.00	-14880	15348	16876
14.00	14428	-3040	-280
15.00	-32768	-13220	5444
16.00	30720	18964	7700
17.00	-32768	-31196	-8512
18.00	-29796	140	11848
19.00	32124	23296	8448
20.00	-32768	-25012	-6320
21.00	32767	20192	6856
22.00	-32768	-27764	-3760
23.00	2812	26636	18956
24.00	-32768	-30412	-7436
25.00	-26600	14176	17096
26.00	8384	1628	-2840
27.00	-32768	-16548	6148
28.00	10932	28748	16432
0.00	-15840	16536	17496
1.00	28568	25092	8680
2.00	-32768	-23884	-5100
3.00	9040	25896	18476
4.00	-27392	-25872	-6780
5.00	-32268	7988	13528
6.00	22580	7556	1852
7.00	-32768	-20456	-736
8.00	6908	26848	18540
9.00	-32768	-24416	-6660
10.00	-6712	20288	15772
11.00	32767	16472	8816
12.00	-32768	-25288	-8336
13.00	2844	24408	6016
14.00	-32768	-31380	-4784
15.00	-6912	29136	24424
16.00	-32768	-19124	-8936
17.00	-17332	7248	16656
18.00	8900	-2788	448
19.00	-5788	25880	22172
20.00	6952	27124	15560
21.00	-32768	-32768	-8708
22.00	-18204	16584	19268
23.00	-9660	-12840	4644
24.00	-32088	-11472	11224
25.00	29348	7640	4316
26.00	-32768	-25012	-6128
27.00	-8260	31016	15272
28.00	-32768	-32768	1004
29.00	-19220	19324	-1476
30.00	5180	2908	-5088
31.00	-32768	-27592	-5736
32.00	30004	22880	18404
33.00	-32768	-5240	-14792
34.00	-12788	22932	24152
35.00	1872	-12180	220
36.00	-30488	19816	10368
37.00	31212	8040	6372
38.00	-32768	-21292	400
39.00	10400	28656	24528
40.00	-15564	-32768	-2096
41.00	-11072	23408	23208
42.00	28856	7732	7420
43.00	-32768	-23256	9408
44.00	17264	20004	14892
45.00	-32768	-26344	-3652
46.00	3836	26888	20412
47.00	1440	-6356	-4264
48.00	-32768	-9020	7536
49.00	17320	8400	16232
50.00	-32768	-10416	-5848
51.00	424	18084	15440
52.00	-31344	-32768	-14180
53.00	-16516	10428	15336
54.00	23916	13592	3080
55.00	-32768	-23468	7040
56.00	20348	19272	15624
57.00	-32768	-27984	-24076
58.00	-29048	20064	9652
59.00	-10388	-9536	-4972
60.00	-32768	2516	-2708
61.00	2284	16680	-1804
62.00	-32768	-17904	-9896
63.00	3912	24568	13200
64.00	-32768	-32768	-13088
65.00	-29848	17216	20936
66.00	32436	4156	2624
67.00	-32768	-21872	-5696
68.00	9408	29064	1004
69.00	-32768	-23316	-5780
70.00	32767	6448	32767
71.00	22144	-18928	-12120
72.00	-32768	-2560	10740
73.00	-8092	2856	-12848
74.00	-32768	-18604	5200
75.00	-32768	30892	19960
76.00	-32768	-13224	-5128
77.00	-12968	27288	12028
78.00	32767	7600	1664
79.00	-32768	-14356	-1360
80.00	-12348	32767	25380
81.00	-32768	-10100	1260
82.00	-21704	12864	21488
83.00	-3420	3152	11808
84.00	-32768	-28588	8616
85.00	-704	29872	24628
86.00	-32768	-15000	5848
87.00	-4000	21672	24892
88.00	-25980	-676	-1400
89.00	-32768	-13816	14936
90.00	14808	10436	1132
91.00	-32768	-32768	-56
92.00	3428	29364	17516
93.00	-21544	-32768	1908
94.00	-21264	32767	32767
95.00	4272	-6756	9852
96.00	-19112	-8528	9908
97.00	-24596	15280	16084
98.00	-3844	-32600	-2672
99.00	-22808	84	5568
100.00	32767	9452	7024
101.00	-32768	1724	-6260
102.00	7920	18128	19112
103.00	-17736	-28136	-2400
104.00	-32768	10708	13816
105.00	29364	14432	6052
106.00	-32768	-32768	-596
107.00	8004	23992	9160
108.00	-32768	-29116	-10316
109.00	3052	24132	7764
110.00	-6616	15520	1904
111.00	-32768	-19492	-4196
112.00	-13568	21884	17552
113.00	-32768	-30796	-12412
114.00	14228	32044	10468
115.00	-32768	-22792	-3520
116.00	-1732	27344	17832
117.00	-16724	-6252	-2228
118.00	-21264	3848	20796
119.00	-616	24152	19776
120.00	-32768	-11080	-2000
121.00	-25932	9328	7788
122.00	3588	536	3768
123.00	-32768	-32768	-5184
124.00	4276	25640	11184
125.00	-32768	-27628	-20532
126.00	-28456	30272	17380
127.00	-22116	-10884	-10252
128.00	-32768	-24828	-12028
129.00	2616	22356	2400
130.00	-29100	-22752	0
131.00	20012	22728	22852
132.00	-18004	-25280	-16124
133.00	-84	7928	13856
134.00	-32768	-9584	-15188
135.00	-32768	68	5108
136.00	25008	7064	1208
137.00	-32768	-24056	-6944
138.00	5016	27988	14380
139.00	-22624	-17056	-4072
140.00	-26980	-10888	-1260
141.00	26328	16652	9080
142.00	-32768	-24108	-15160
143.00	-14420	30552	21760
144.00	-5432	-20960	4528
145.00	-30272	-13784	5504
146.00	21140	20088	9944
147.00	-32768	-20760	-8996
148.00	2920	26372	28396
149.00	-13448	-17424	-10292
150.00	-32768	6556	4384
151.00	4916	21040	5732
152.00	-32768	3764	22668
153.00	32128	18056	14352
154.00	-32768	-19708	-13456
155.00	-15272	32767	10800
156.00	-32768	-26708	-6196
157.00	1852	11512	16096
158.00	24384	20216	-10800
159.00	-32768	-15716	-1748
160.00	9108	15332	20272
161.00	-28520	-25128	-8032
162.00	-32400	2224	17856
163.00	26440	19696	2212
164.00	-32768	-27868	-7612
165.00	-3128	27672	21012
166.00	-32768	-24780	-10880
167.00	-13520	21892	15228
168.00	6504	1872	-2412
169.00	-32768	-13440	5876
170.00	25908	23180	11652
171.00	-32768	-22184	-8588
172.00	18564	25004	12648
173.00	-32768	-22744	-7672
174.00	3088	26316	18692
175.00	-24420	-30308	-7224
176.00	-31944	9140	12956
177.00	20860	8952	1444
178.00	-32768	-27988	-1556
179.00	8652	28760	18632
180.00	-32768	-22524	-10968
181.00	-4268	16632	20448
182.00	-7672	-15624	-6360
183.00	-32768	-26840	-5932
184.00	244	23324	21044
185.00	-31720	-25136	-9100
186.00	-7292	19744	19384
187.00	26364	3792	-792
188.00	-32768	-22712	728
189.00	9768	19636	14092
190.00	-32768	-21988	-7208
191.00	336	26720	17340
192.00	-32768	-31628	-6636
193.00	-9376	29020	16800
194.00	-17400	-27136	-1988
195.00	-31980	3860	9536
196.00	21624	23680	4316
197.00	-32768	-21868	-9496
198.00	-312	27940	19236
199.00	-32768	-27372	-11120
200.00	-23040	32156	19504
201.00	-4788	-3056	-4276
202.00	-32768	-18956	472
203.00	17392	21472	14288
204.00	-2696	-14020	-10156
205.00	-32768	16688	15084
206.00	13832	29508	12720
207.00	-32768	-30328	-272
208.00	1372	20052	10748
209.00	-32768	-21176	-10224
210.00	516	18776	18284
211.00	-32768	-21868	-7052
212.00	-3212	32767	20148
213.00	-13584	-20632	-3080
214.00	-32768	-8052	7724
215.00	1888	17532	15180
216.00	-32768	-22724	-4496
217.00	848	23960	21624
218.00	-21892	-22024	-3744
219.00	-31884	176	16384
220.00	22276	16016	7432
221.00	-32768	-31804	2264
222.00	596	29804	12000
223.00	-28296	-28452	-3144
224.00	-23900	12336	21488
225.00	13160	14980	-4020
226.00	-32768	-17980	-15044
227.00	-6992	10408	9396
228.00	-20464	-25012	-20
229.00	-32768	14052	21208
230.00	-24836	-32768	3392
231.00	-32768	8908	12672
232.00	32767	17948	6316
233.00	-32768	-28364	-6256
234.00	-7344	32767	32520
235.00	-14052	-32316	-13652
236.00	-32768	-1988	9376
237.00	12472	17928	24588
238.00	-32768	-24472	6400
239.00	7504	24792	20428
240.00	-32768	-32768	-2332
241.00	-32768	9244	24852
242.00	25920	25496	9248
243.00	-32768	-6660	-1524
244.00	-536	16620	15328
245.00	12388	-32768	23748
246.00	-23472	-9344	18536
247.00	-2856	16348	22940
248.00	-32768	-29328	4464
249.00	11104	29668	28984
250.00	4700	-8312	8732
251.00	-32768	-2540	-3088
252.00	-656	23768	9272
253.00	-32768	-32768	2604
254.00	-15976	18996	26240
255.00	31608	-240	-3308
256.00	-32768	-28928	-18472
257.00	-660	23160	9904
258.00	-32768	-11268	-2552
259.00	-7528	12772	30208
260.00	26176	-5608	-4092
261.00	-32768	-23172	-3916
262.00	-6764	18940	31716
263.00	-32768	-29092	-12656
264.00	-10900	25768	9588
265.00	1972	2772	-2116
266.00	-32768	-19892	4272
267.00	-2180	18408	7736
268.00	-32768	-31572	-19228
269.00	-16176	-24556	-5848
270.00	10548	24804	5588
271.00	-32768	-23924	-10672
272.00	-32768	10412	6176
273.00	10568	15720	-6980
274.00	-32768	-10244	-9812
275.00	2396	26212	16616
276.00	-31224	-20052	-4436
277.00	-24904	6976	9120
278.00	14848	20288	1628
279.00	-32768	-25200	2284
280.00	3612	32124	12016
281.00	-21916	-19392	-11940
282.00	-10616	-7268	13388
283.00	32767	17032	3216
284.00	-32768	-28856	-9248
285.00	18584	12920	26732
286.00	-12688	-25444	-8696
287.00	-19188	13492	11296
288.00	-24364	-32768	-3872
289.00	-18460	15496	18696
290.00	6152	23572	16132
291.00	-30020	-22100	-1784
292.00	-5636	12708	29672
293.00	32767	5856	3756
294.00	-4380	-32768	8788
295.00	-5384	24692	12768
296.00	-28652	-26204	-412
297.00	-11908	7052	32767
298.00	32767	3768	25928
299.00	-32768	-31212	-3112
300.00	6580	15344	6804
301.00	-32768	-23108	1616
302.00	-32768	-692	3568
303.00	19304	26648	5396
304.00	-32768	-19640	-8620
305.00	2028	23516	11848
306.00	-1488	-32768	768
307.00	10004	8268	22680
308.00	21808	1024	-2384
309.00	-32768	-25188	-4500
310.00	-13712	32767	22668
311.00	-32768	-29148	-8220
312.00	-32768	-26492	-6880
313.00	-32768	-228	9368
314.00	27836	21784	30384
315.00	-32768	-19376	-6192
316.00	-26464	32767	29264
317.00	6168	-180	-624
318.00	-32768	-12456	9452
319.00	7968	26112	15952
320.00	-32768	-6764	-11044
321.00	-24116	10264	9960
322.00	32767	16360	5096
323.00	-27516	-25320	-996
324.00	-3652	32767	18520
325.00	-32768	-31136	-14804
326.00	-32768	10576	11152
327.00	-15768	-32768	4860
328.00	-18816	16308	17848
329.00	32767	28728	5068
330.00	-32768	-27760	-3196
331.00	4736	27516	32767
332.00	-6284	-20480	224
333.00	-32768	-23600	3764
334.00	5908	32767	24152
335.00	-17816	-26312	6612
336.00	-32768	-17148	10360
337.00	9464	13016	10404
338.00	-32768	-5496	-8684
339.00	-23444	22644	14420
340.00	5872	-31844	-1200
341.00	-23288	5420	-3720
342.00	-13368	30996	4432
343.00	-32768	-24960	-12628
344.00	-16644	32767	21896
345.00	6284	-8588	2272
346.00	-25648	10648	14388
347.00	32767	7816	-5984
348.00	-32768	-29620	-7616
349.00	18836	19336	32632
350.00	-16640	-9960	-22144
351.00	-18212	15896	1696
352.00	8364	17368	-956
353.00	-32768	-24692	5760
354.00	5952	30512	30576
355.00	32767	14840	-10180
356.00	-32768	-22580	-1300
357.00	-2480	32767	18796
358.00	-32768	-26388	-15020
359.00	-32768	29120	20496
360.00	25196	8192	-3380
361.00	-32768	-22916	5784
362.00	-6060	32767	21148
363.00	-32768	-30916	-14928
364.00	-22396	13768	16592
365.00	-1248	-4868	-10672
366.00	-8128	4324	18080
367.00	8936	240	17948
368.00	-32768	-26352	-4352
369.00	-3432	32767	25036
370.00	-19472	-28660	-7380
371.00	-23436	11404	15408
372.00	32767	20676	7804
373.00	-32768	-24060	-2004
374.00	-588	11876	27716
375.00	-7488	-22220	6700
376.00	-32768	-25588	-13124
377.00	-15300	32767	25388
378.00	-32768	-30500	3908
379.00	-29280	31900	24092
380.00	19600	17652	-5440
381.00	-32768	-24852	-11176
382.00	17456	21084	22948
383.00	5916	-16336	-16008
384.00	13008	25356	32767
385.00	2044	-21604	-9576
386.00	-32768	-8072	5092
387.00	32767	31472	-5752
388.00	-32768	7236	12164
389.00	13540	8312	32767
390.00	-15800	-25624	-2800
391.00	-11796	5980	3104
392.00	21568	32767	-2064
393.00	-32768	-12788	-3068
394.00	24448	17752	25028
395.00	-22924	-22884	748
396.00	-31560	6076	8684
397.00	1152	18792	8852
398.00	-32768	-6536	-5432
399.00	-19652	10628	11132
400.00	2756	12332	-22004
401.00	-32768	-24300	-10132
402.00	-17064	16068	18504
403.00	-32768	-8344	-1256
404.00	8452	21136	25492
405.00	-25436	-32768	-3944
406.00	-12656	-5480	5420
407.00	32767	2644	21472
408.00	-32768	6192	-280
409.00	-32768	-24576	-3264
410.00	-32768	-32768	-2116
411.00	-32768	32767	6944
412.00	16588	13500	-9372
413.00	-32768	-22388	7312
414.00	-4064	21304	24980
415.00	-32768	-15924	-25968
416.00	-32768	-5912	5416
417.00	-7060	4816	7460
418.00	-32768	-17008	7244
419.00	-10812	14568	16752
420.00	9864	-24544	-4504
421.00	-32768	-11440	336
422.00	10200	19760	8184
423.00	-32768	-9416	7752
424.00	-2724	25228	19820
425.00	-32768	-21892	-7156
426.00	-9964	23788	16816
427.00	-20112	-16280	-6568
428.00	-32768	-1692	13384
429.00	19288	22724	4576
430.00	-32768	-19940	-5704
431.00	-3620	28452	18416
432.00	-32768	-30908	-3976
433.00	-32768	15908	11884
434.00	16184	-12	972
435.00	-32768	-29416	5372
436.00	22168	26624	6800
437.00	-32768	-32768	-5444
438.00	-32768	9524	9280
439.00	16412	11940	-312
440.00	-31844	-16844	-8772
441.00	2812	18840	25704
442.00	5740	-30592	3664
443.00	-19960	21876	15544
444.00	-10088	-25980	-15208
445.00	-32768	-2484	2248
446.00	32767	8892	13720
447.00	-32768	-32128	-13796
448.00	-32768	32767	7792
449.00	-30796	-26620	2280
450.00	-32768	-26232	2192
451.00	28064	24512	6604
452.00	-32768	-13448	-9236
453.00	-3244	11324	23752
454.00	4796	-12980	-17400
455.00	-27448	-5856	-2928
456.00	2264	25656	-12536
457.00	-32768	-32768	2116
458.00	22512	32767	14856
459.00	8484	-13860	-6972
460.00	-16140	-5984	1384
461.00	32767	-4328	21872
462.00	-32768	-32768	-11372
463.00	-5932	32767	5040
464.00	-17952	-9620	-6632
465.00	-4884	32767	96
466.00	28360	11704	-6036
467.00	-32768	-24996	1252
468.00	-4620	16792	29676
469.00	32767	-32768	10280
470.00	-24988	10668	5336
471.00	-31132	-23676	-6944
472.00	-32768	9460	-17016
473.00	13488	11480	11332
474.00	-32768	-9992	-16908
475.00	-6248	18572	17512
476.00	12308	184	-22828
477.00	-32768	-32768	-1296
478.00	13348	32767	25688
479.00	-32768	-32096	16392
480.00	-1604	16208	15808
481.00	-23400	15668	-21452
482.00	-8436	21920	19336
483.00	26028	32767	-17972
484.00	-32768	-6340	-18440
485.00	10216	19184	32452
486.00	-7608	-10676	-7528
487.00	-19400	23280	-1616
488.00	4240	8984	2796
489.00	-32768	-24980	-4616
490.00	9904	17920	21684
491.00	-25408	-19256	-19672
492.00	-30680	32767	14856
493.00	6412	26488	-26696
494.00	-32768	-32768	-3860
495.00	18312	21500	29772
496.00	-17096	-8560	-10448
497.00	-26268	16420	23048
498.00	17056	-904	2804
499.00	-32768	-3512	11760
500.00	456	14232	26856


